     1        0   0.000
     2    20038   0.020
     3    40075   0.040
     4    60112   0.060
     5    80149   0.080
     6   100186   0.100
     7   120223   0.120
     8   140260   0.140
     9   160297   0.160
    10   180334   0.180
    11   200371   0.200
    12   220408   0.220
    13   240445   0.240
    14   260482   0.260
    15   280519   0.280
    16   300556   0.300
    17   320593   0.320
    18   340630   0.340
    19   360667   0.360
    20   380704   0.380
    21   400741   0.400
    22   420778   0.420
    23   440815   0.440
    24   460852   0.460
    25   480889   0.480
    26   500926   0.500
    27   520963   0.520
    28   541000   0.540
    29   561037   0.560
    30   581074   0.580
    31   601111   0.600
    32   621148   0.620
    33   641185   0.640
