     1        0    32400   0.000
     2    20038    32400   0.020
     3    40075    32400   0.040
     4    60112    32400   0.060
     5    80149    32400   0.080
     6   100186    32400   0.100
     7   120223    33135   0.120
     8   140260    33135   0.140
     9   160297    33135   0.160
    10   180334    33135   0.180
    11   200371    33135   0.200
    12   220408    33135   0.220
    13   240445    34215   0.240
    14   260482    34215   0.260
    15   280519    34215   0.280
    16   300556    34215   0.300
    17   320593    34215   0.320
    18   340630    34215   0.340
    19   360667    35426   0.360
    20   380704    35426   0.380
    21   400741    35426   0.400
    22   420778    35426   0.420
    23   440815    35426   0.440
    24   460852    35426   0.460
    25   480889    36720   0.480
    26   500926    36720   0.500
    27   520963    36720   0.520
    28   541000    36720   0.540
    29   561037    36720   0.560
    30   581074    36720   0.580
    31   601111    38141   0.600
    32   621148    38141   0.620
    33   641185    38141   0.640
