      1000   0.001 -0.498E+11 -0.521E+11
      2000   0.002 -0.833E+11 -0.802E+11
      3000   0.003 -0.123E+12 -0.118E+12
      4000   0.004 -0.150E+12 -0.150E+12
      5000   0.005 -0.172E+12 -0.172E+12
      6000   0.006 -0.199E+12 -0.201E+12
      7000   0.007 -0.211E+12 -0.210E+12
      8000   0.008 -0.226E+12 -0.227E+12
      9000   0.009 -0.241E+12 -0.241E+12
     10000   0.010 -0.254E+12 -0.255E+12
     11000   0.011 -0.265E+12 -0.266E+12
     12000   0.012 -0.275E+12 -0.275E+12
     13000   0.013 -0.284E+12 -0.284E+12
     14000   0.014 -0.290E+12 -0.291E+12
     15000   0.015 -0.296E+12 -0.297E+12
     16000   0.016 -0.299E+12 -0.299E+12
     17000   0.017 -0.301E+12 -0.302E+12
     18000   0.018 -0.303E+12 -0.304E+12
     19000   0.019 -0.304E+12 -0.308E+12
     20000   0.020 -0.306E+12 -0.310E+12
     21000   0.021 -0.308E+12 -0.311E+12
     22000   0.022 -0.309E+12 -0.311E+12
     23000   0.023 -0.309E+12 -0.311E+12
     24000   0.024 -0.310E+12 -0.312E+12
     25000   0.025 -0.310E+12 -0.311E+12
     26000   0.026 -0.311E+12 -0.311E+12
     27000   0.027 -0.311E+12 -0.311E+12
     28000   0.028 -0.312E+12 -0.312E+12
     29000   0.029 -0.311E+12 -0.313E+12
     30000   0.030 -0.312E+12 -0.313E+12
     31000   0.031 -0.312E+12 -0.312E+12
     32000   0.032 -0.313E+12 -0.310E+12
     33000   0.033 -0.313E+12 -0.309E+12
     34000   0.034 -0.312E+12 -0.309E+12
     35000   0.035 -0.314E+12 -0.307E+12
     36000   0.036 -0.311E+12 -0.309E+12
     37000   0.037 -0.305E+12 -0.310E+12
     38000   0.038 -0.302E+12 -0.307E+12
     39000   0.039 -0.312E+12 -0.303E+12
     40000   0.040 -0.313E+12 -0.302E+12
     41000   0.041 -0.311E+12 -0.296E+12
     42000   0.042 -0.303E+12 -0.294E+12
     43000   0.043 -0.299E+12 -0.294E+12
     44000   0.044 -0.303E+12 -0.297E+12
     45000   0.045 -0.310E+12 -0.298E+12
     46000   0.046 -0.311E+12 -0.298E+12
     47000   0.047 -0.310E+12 -0.296E+12
     48000   0.048 -0.308E+12 -0.296E+12
     49000   0.049 -0.308E+12 -0.296E+12
     50000   0.050 -0.305E+12 -0.296E+12
     51000   0.051 -0.301E+12 -0.298E+12
     52000   0.052 -0.299E+12 -0.298E+12
     53000   0.053 -0.301E+12 -0.298E+12
     54000   0.054 -0.304E+12 -0.299E+12
     55000   0.055 -0.303E+12 -0.298E+12
     56000   0.056 -0.304E+12 -0.298E+12
     57000   0.057 -0.308E+12 -0.298E+12
     58000   0.058 -0.304E+12 -0.299E+12
     59000   0.059 -0.303E+12 -0.299E+12
     60000   0.060 -0.300E+12 -0.301E+12
     61000   0.061 -0.299E+12 -0.299E+12
     62000   0.062 -0.296E+12 -0.301E+12
     63000   0.063 -0.298E+12 -0.299E+12
     64000   0.064 -0.298E+12 -0.299E+12
     65000   0.065 -0.299E+12 -0.301E+12
     66000   0.066 -0.299E+12 -0.300E+12
     67000   0.067 -0.304E+12 -0.301E+12
     68000   0.068 -0.304E+12 -0.304E+12
     69000   0.069 -0.301E+12 -0.304E+12
     70000   0.070 -0.301E+12 -0.305E+12
     71000   0.071 -0.302E+12 -0.306E+12
     72000   0.072 -0.303E+12 -0.306E+12
     73000   0.073 -0.304E+12 -0.307E+12
     74000   0.074 -0.305E+12 -0.308E+12
     75000   0.075 -0.306E+12 -0.310E+12
     76000   0.076 -0.307E+12 -0.311E+12
     77000   0.077 -0.308E+12 -0.311E+12
     78000   0.078 -0.311E+12 -0.312E+12
     79000   0.079 -0.312E+12 -0.315E+12
     80000   0.080 -0.313E+12 -0.317E+12
     81000   0.081 -0.314E+12 -0.320E+12
     82000   0.082 -0.316E+12 -0.321E+12
     83000   0.083 -0.318E+12 -0.320E+12
     84000   0.084 -0.318E+12 -0.322E+12
     85000   0.085 -0.319E+12 -0.323E+12
     86000   0.086 -0.319E+12 -0.327E+12
     87000   0.087 -0.319E+12 -0.329E+12
     88000   0.088 -0.320E+12 -0.329E+12
     89000   0.089 -0.320E+12 -0.328E+12
     90000   0.090 -0.321E+12 -0.329E+12
     91000   0.091 -0.321E+12 -0.328E+12
     92000   0.092 -0.323E+12 -0.331E+12
     93000   0.093 -0.324E+12 -0.334E+12
     94000   0.094 -0.324E+12 -0.335E+12
     95000   0.095 -0.324E+12 -0.337E+12
     96000   0.096 -0.326E+12 -0.336E+12
     97000   0.097 -0.327E+12 -0.337E+12
     98000   0.098 -0.327E+12 -0.337E+12
     99000   0.099 -0.326E+12 -0.340E+12
    100000   0.100 -0.326E+12 -0.339E+12
    101000   0.101 -0.325E+12 -0.340E+12
    102000   0.102 -0.325E+12 -0.347E+12
    103000   0.103 -0.326E+12 -0.347E+12
    104000   0.104 -0.328E+12 -0.335E+12
    105000   0.105 -0.328E+12 -0.343E+12
    106000   0.106 -0.331E+12 -0.342E+12
    107000   0.107 -0.334E+12 -0.342E+12
    108000   0.108 -0.339E+12 -0.341E+12
    109000   0.109 -0.337E+12 -0.339E+12
    110000   0.110 -0.334E+12 -0.342E+12
    111000   0.111 -0.340E+12 -0.339E+12
    112000   0.112 -0.339E+12 -0.345E+12
    113000   0.113 -0.337E+12 -0.344E+12
    114000   0.114 -0.340E+12 -0.341E+12
    115000   0.115 -0.344E+12 -0.343E+12
    116000   0.116 -0.346E+12 -0.341E+12
    117000   0.117 -0.348E+12 -0.345E+12
    118000   0.118 -0.363E+12 -0.332E+12
    119000   0.119 -0.362E+12 -0.335E+12
    120000   0.120 -0.332E+12 -0.324E+12
    121000   0.121 -0.330E+12 -0.318E+12
    122000   0.122 -0.332E+12 -0.316E+12
    123000   0.123 -0.330E+12 -0.318E+12
    124000   0.124 -0.331E+12 -0.317E+12
    125000   0.125 -0.331E+12 -0.318E+12
    126000   0.126 -0.329E+12 -0.316E+12
    127000   0.127 -0.329E+12 -0.316E+12
    128000   0.128 -0.328E+12 -0.316E+12
    129000   0.129 -0.328E+12 -0.315E+12
    130000   0.130 -0.328E+12 -0.314E+12
    131000   0.131 -0.330E+12 -0.316E+12
    132000   0.132 -0.328E+12 -0.314E+12
    133000   0.133 -0.329E+12 -0.317E+12
    134000   0.134 -0.326E+12 -0.314E+12
    135000   0.135 -0.326E+12 -0.315E+12
    136000   0.136 -0.326E+12 -0.314E+12
    137000   0.137 -0.324E+12 -0.317E+12
    138000   0.138 -0.323E+12 -0.323E+12
    139000   0.139 -0.326E+12 -0.316E+12
    140000   0.140 -0.323E+12 -0.317E+12
    141000   0.141 -0.323E+12 -0.322E+12
    142000   0.142 -0.321E+12 -0.329E+12
    143000   0.143 -0.323E+12 -0.327E+12
    144000   0.144 -0.323E+12 -0.329E+12
    145000   0.145 -0.324E+12 -0.329E+12
    146000   0.146 -0.325E+12 -0.325E+12
    147000   0.147 -0.322E+12 -0.330E+12
    148000   0.148 -0.326E+12 -0.325E+12
    149000   0.149 -0.322E+12 -0.334E+12
    150000   0.150 -0.324E+12 -0.334E+12
    151000   0.151 -0.324E+12 -0.336E+12
    152000   0.152 -0.325E+12 -0.336E+12
    153000   0.153 -0.335E+12 -0.336E+12
    154000   0.154 -0.325E+12 -0.342E+12
    155000   0.155 -0.327E+12 -0.341E+12
    156000   0.156 -0.328E+12 -0.337E+12
    157000   0.157 -0.329E+12 -0.341E+12
    158000   0.158 -0.328E+12 -0.342E+12
    159000   0.159 -0.329E+12 -0.342E+12
    160000   0.160 -0.331E+12 -0.342E+12
    161000   0.161 -0.330E+12 -0.345E+12
    162000   0.162 -0.333E+12 -0.344E+12
    163000   0.163 -0.334E+12 -0.344E+12
    164000   0.164 -0.335E+12 -0.346E+12
    165000   0.165 -0.338E+12 -0.344E+12
    166000   0.166 -0.342E+12 -0.339E+12
    167000   0.167 -0.343E+12 -0.336E+12
    168000   0.168 -0.346E+12 -0.333E+12
    169000   0.169 -0.347E+12 -0.336E+12
    170000   0.170 -0.352E+12 -0.338E+12
    171000   0.171 -0.355E+12 -0.344E+12
    172000   0.172 -0.354E+12 -0.341E+12
    173000   0.173 -0.352E+12 -0.351E+12
    174000   0.174 -0.355E+12 -0.345E+12
    175000   0.175 -0.352E+12 -0.346E+12
    176000   0.176 -0.352E+12 -0.344E+12
    177000   0.177 -0.348E+12 -0.344E+12
    178000   0.178 -0.349E+12 -0.346E+12
    179000   0.179 -0.348E+12 -0.346E+12
    180000   0.180 -0.348E+12 -0.349E+12
    181000   0.181 -0.350E+12 -0.350E+12
    182000   0.182 -0.351E+12 -0.357E+12
    183000   0.183 -0.351E+12 -0.352E+12
    184000   0.184 -0.351E+12 -0.358E+12
    185000   0.185 -0.351E+12 -0.359E+12
    186000   0.186 -0.355E+12 -0.354E+12
    187000   0.187 -0.353E+12 -0.351E+12
    188000   0.188 -0.354E+12 -0.353E+12
    189000   0.189 -0.355E+12 -0.353E+12
    190000   0.190 -0.356E+12 -0.354E+12
    191000   0.191 -0.356E+12 -0.357E+12
    192000   0.192 -0.359E+12 -0.355E+12
    193000   0.193 -0.357E+12 -0.355E+12
    194000   0.194 -0.359E+12 -0.356E+12
    195000   0.195 -0.358E+12 -0.356E+12
    196000   0.196 -0.359E+12 -0.357E+12
    197000   0.197 -0.361E+12 -0.389E+12
    198000   0.198 -0.360E+12 -0.369E+12
    199000   0.199 -0.364E+12 -0.370E+12
    200000   0.200 -0.363E+12 -0.368E+12
    201000   0.201 -0.365E+12 -0.369E+12
    202000   0.202 -0.365E+12 -0.370E+12
    203000   0.203 -0.367E+12 -0.370E+12
    204000   0.204 -0.368E+12 -0.377E+12
    205000   0.205 -0.366E+12 -0.372E+12
    206000   0.206 -0.368E+12 -0.377E+12
    207000   0.207 -0.367E+12 -0.371E+12
    208000   0.208 -0.369E+12 -0.374E+12
    209000   0.209 -0.367E+12 -0.372E+12
    210000   0.210 -0.368E+12 -0.378E+12
    211000   0.211 -0.368E+12 -0.372E+12
    212000   0.212 -0.371E+12 -0.390E+12
    213000   0.213 -0.370E+12 -0.388E+12
    214000   0.214 -0.372E+12 -0.381E+12
    215000   0.215 -0.371E+12 -0.384E+12
    216000   0.216 -0.372E+12 -0.377E+12
    217000   0.217 -0.373E+12 -0.384E+12
    218000   0.218 -0.377E+12 -0.399E+12
    219000   0.219 -0.375E+12 -0.383E+12
    220000   0.220 -0.375E+12 -0.394E+12
    221000   0.221 -0.377E+12 -0.384E+12
    222000   0.222 -0.379E+12 -0.386E+12
    223000   0.223 -0.382E+12 -0.389E+12
    224000   0.224 -0.385E+12 -0.391E+12
    225000   0.225 -0.383E+12 -0.390E+12
    226000   0.226 -0.386E+12 -0.391E+12
    227000   0.227 -0.390E+12 -0.395E+12
    228000   0.228 -0.388E+12 -0.394E+12
    229000   0.229 -0.390E+12 -0.395E+12
    230000   0.230 -0.391E+12 -0.397E+12
    231000   0.231 -0.392E+12 -0.398E+12
    232000   0.232 -0.393E+12 -0.398E+12
    233000   0.233 -0.393E+12 -0.399E+12
    234000   0.234 -0.428E+12 -0.434E+12
    235000   0.235 -0.433E+12 -0.449E+12
    236000   0.236 -0.433E+12 -0.456E+12
    237000   0.237 -0.421E+12 -0.467E+12
    238000   0.238 -0.432E+12 -0.461E+12
    239000   0.239 -0.427E+12 -0.459E+12
    240000   0.240 -0.430E+12 -0.459E+12
    241000   0.241 -0.433E+12 -0.454E+12
    242000   0.242 -0.428E+12 -0.449E+12
    243000   0.243 -0.424E+12 -0.449E+12
    244000   0.244 -0.421E+12 -0.446E+12
    245000   0.245 -0.418E+12 -0.444E+12
    246000   0.246 -0.418E+12 -0.446E+12
    247000   0.247 -0.419E+12 -0.448E+12
    248000   0.248 -0.418E+12 -0.455E+12
    249000   0.249 -0.421E+12 -0.448E+12
    250000   0.250 -0.417E+12 -0.445E+12
    251000   0.251 -0.418E+12 -0.444E+12
    252000   0.252 -0.416E+12 -0.442E+12
    253000   0.253 -0.413E+12 -0.440E+12
    254000   0.254 -0.425E+12 -0.435E+12
    255000   0.255 -0.421E+12 -0.439E+12
    256000   0.256 -0.418E+12 -0.436E+12
    257000   0.257 -0.418E+12 -0.437E+12
    258000   0.258 -0.415E+12 -0.432E+12
    259000   0.259 -0.418E+12 -0.434E+12
    260000   0.260 -0.421E+12 -0.435E+12
    261000   0.261 -0.415E+12 -0.435E+12
    262000   0.262 -0.416E+12 -0.429E+12
    263000   0.263 -0.413E+12 -0.430E+12
    264000   0.264 -0.399E+12 -0.437E+12
    265000   0.265 -0.400E+12 -0.438E+12
    266000   0.266 -0.419E+12 -0.408E+12
    267000   0.267 -0.388E+12 -0.448E+12
    268000   0.268 -0.409E+12 -0.397E+12
    269000   0.269 -0.416E+12 -0.399E+12
    270000   0.270 -0.415E+12 -0.394E+12
    271000   0.271 -0.414E+12 -0.435E+12
    272000   0.271 -0.430E+12 -0.410E+12
    273000   0.272 -0.398E+12 -0.437E+12
    274000   0.273 -0.409E+12 -0.401E+12
    275000   0.274 -0.423E+12 -0.397E+12
    276000   0.275 -0.428E+12 -0.391E+12
    277000   0.276 -0.426E+12 -0.400E+12
    278000   0.277 -0.420E+12 -0.408E+12
    279000   0.278 -0.422E+12 -0.393E+12
    280000   0.279 -0.423E+12 -0.388E+12
    281000   0.280 -0.426E+12 -0.390E+12
    282000   0.281 -0.421E+12 -0.403E+12
    283000   0.282 -0.421E+12 -0.390E+12
    284000   0.283 -0.410E+12 -0.414E+12
    285000   0.284 -0.427E+12 -0.390E+12
    286000   0.285 -0.416E+12 -0.407E+12
    287000   0.286 -0.418E+12 -0.396E+12
    288000   0.287 -0.424E+12 -0.396E+12
    289000   0.288 -0.421E+12 -0.410E+12
    290000   0.289 -0.415E+12 -0.398E+12
    291000   0.290 -0.414E+12 -0.398E+12
    292000   0.291 -0.426E+12 -0.391E+12
    293000   0.292 -0.431E+12 -0.394E+12
    294000   0.293 -0.426E+12 -0.394E+12
    295000   0.294 -0.428E+12 -0.396E+12
    296000   0.295 -0.420E+12 -0.425E+12
    297000   0.296 -0.418E+12 -0.405E+12
    298000   0.297 -0.430E+12 -0.404E+12
    299000   0.298 -0.438E+12 -0.398E+12
    300000   0.299 -0.430E+12 -0.424E+12
    301000   0.300 -0.435E+12 -0.403E+12
    302000   0.301 -0.421E+12 -0.407E+12
    303000   0.302 -0.433E+12 -0.398E+12
    304000   0.303 -0.435E+12 -0.405E+12
    305000   0.304 -0.429E+12 -0.412E+12
    306000   0.305 -0.430E+12 -0.403E+12
    307000   0.306 -0.440E+12 -0.400E+12
    308000   0.307 -0.438E+12 -0.402E+12
    309000   0.308 -0.442E+12 -0.407E+12
    310000   0.309 -0.441E+12 -0.400E+12
    311000   0.310 -0.436E+12 -0.405E+12
    312000   0.311 -0.447E+12 -0.399E+12
    313000   0.312 -0.440E+12 -0.405E+12
    314000   0.313 -0.445E+12 -0.401E+12
    315000   0.314 -0.433E+12 -0.417E+12
    316000   0.315 -0.444E+12 -0.402E+12
    317000   0.316 -0.440E+12 -0.406E+12
    318000   0.317 -0.438E+12 -0.410E+12
    319000   0.318 -0.441E+12 -0.411E+12
    320000   0.319 -0.433E+12 -0.412E+12
    321000   0.320 -0.441E+12 -0.410E+12
    322000   0.321 -0.431E+12 -0.410E+12
    323000   0.322 -0.434E+12 -0.410E+12
    324000   0.323 -0.437E+12 -0.414E+12
    325000   0.324 -0.437E+12 -0.414E+12
    326000   0.325 -0.441E+12 -0.417E+12
    327000   0.326 -0.440E+12 -0.416E+12
    328000   0.327 -0.437E+12 -0.424E+12
    329000   0.328 -0.436E+12 -0.423E+12
    330000   0.329 -0.438E+12 -0.438E+12
    331000   0.330 -0.439E+12 -0.445E+12
    332000   0.331 -0.442E+12 -0.426E+12
    333000   0.332 -0.437E+12 -0.438E+12
    334000   0.333 -0.440E+12 -0.436E+12
    335000   0.334 -0.448E+12 -0.435E+12
    336000   0.335 -0.437E+12 -0.434E+12
    337000   0.336 -0.441E+12 -0.437E+12
    338000   0.337 -0.445E+12 -0.437E+12
    339000   0.338 -0.442E+12 -0.438E+12
    340000   0.339 -0.445E+12 -0.438E+12
    341000   0.340 -0.444E+12 -0.437E+12
    342000   0.341 -0.444E+12 -0.443E+12
    343000   0.342 -0.435E+12 -0.441E+12
    344000   0.343 -0.447E+12 -0.437E+12
    345000   0.344 -0.455E+12 -0.444E+12
    346000   0.345 -0.439E+12 -0.443E+12
    347000   0.346 -0.441E+12 -0.444E+12
    348000   0.347 -0.444E+12 -0.443E+12
    349000   0.348 -0.444E+12 -0.445E+12
    350000   0.349 -0.445E+12 -0.446E+12
    351000   0.350 -0.495E+12 -0.506E+12
    352000   0.351 -0.459E+12 -0.470E+12
    353000   0.352 -0.471E+12 -0.465E+12
    354000   0.353 -0.484E+12 -0.480E+12
    355000   0.354 -0.484E+12 -0.479E+12
    356000   0.355 -0.477E+12 -0.472E+12
    357000   0.356 -0.470E+12 -0.476E+12
    358000   0.357 -0.477E+12 -0.472E+12
    359000   0.358 -0.476E+12 -0.473E+12
    360000   0.359 -0.473E+12 -0.467E+12
    361000   0.360 -0.468E+12 -0.473E+12
    362000   0.361 -0.465E+12 -0.464E+12
    363000   0.362 -0.468E+12 -0.466E+12
    364000   0.363 -0.484E+12 -0.451E+12
    365000   0.364 -0.482E+12 -0.461E+12
    366000   0.365 -0.480E+12 -0.448E+12
    367000   0.366 -0.480E+12 -0.440E+12
    368000   0.367 -0.472E+12 -0.447E+12
    369000   0.368 -0.479E+12 -0.436E+12
    370000   0.369 -0.481E+12 -0.432E+12
    371000   0.370 -0.476E+12 -0.437E+12
    372000   0.371 -0.473E+12 -0.452E+12
    373000   0.372 -0.473E+12 -0.444E+12
    374000   0.373 -0.478E+12 -0.435E+12
    375000   0.374 -0.472E+12 -0.453E+12
    376000   0.375 -0.479E+12 -0.442E+12
    377000   0.376 -0.470E+12 -0.451E+12
    378000   0.377 -0.476E+12 -0.450E+12
    379000   0.378 -0.473E+12 -0.449E+12
    380000   0.379 -0.474E+12 -0.448E+12
    381000   0.380 -0.474E+12 -0.442E+12
    382000   0.381 -0.466E+12 -0.440E+12
    383000   0.382 -0.470E+12 -0.440E+12
    384000   0.383 -0.462E+12 -0.436E+12
    385000   0.384 -0.471E+12 -0.430E+12
    386000   0.385 -0.465E+12 -0.436E+12
    387000   0.386 -0.461E+12 -0.436E+12
    388000   0.387 -0.463E+12 -0.431E+12
    389000   0.388 -0.462E+12 -0.433E+12
    390000   0.389 -0.460E+12 -0.433E+12
    391000   0.390 -0.461E+12 -0.430E+12
    392000   0.391 -0.460E+12 -0.429E+12
    393000   0.392 -0.460E+12 -0.430E+12
    394000   0.393 -0.462E+12 -0.427E+12
    395000   0.394 -0.460E+12 -0.428E+12
    396000   0.395 -0.460E+12 -0.429E+12
    397000   0.396 -0.461E+12 -0.429E+12
    398000   0.397 -0.463E+12 -0.427E+12
    399000   0.398 -0.462E+12 -0.427E+12
    400000   0.399 -0.458E+12 -0.431E+12
    401000   0.400 -0.460E+12 -0.429E+12
    402000   0.401 -0.462E+12 -0.429E+12
    403000   0.402 -0.463E+12 -0.432E+12
    404000   0.403 -0.462E+12 -0.433E+12
    405000   0.404 -0.464E+12 -0.435E+12
    406000   0.405 -0.466E+12 -0.436E+12
    407000   0.406 -0.469E+12 -0.428E+12
    408000   0.407 -0.469E+12 -0.428E+12
    409000   0.408 -0.471E+12 -0.428E+12
    410000   0.409 -0.466E+12 -0.429E+12
    411000   0.410 -0.472E+12 -0.429E+12
    412000   0.411 -0.469E+12 -0.428E+12
    413000   0.412 -0.467E+12 -0.429E+12
    414000   0.413 -0.469E+12 -0.428E+12
    415000   0.414 -0.466E+12 -0.430E+12
    416000   0.415 -0.466E+12 -0.429E+12
    417000   0.416 -0.466E+12 -0.437E+12
    418000   0.417 -0.468E+12 -0.434E+12
    419000   0.418 -0.467E+12 -0.437E+12
    420000   0.419 -0.465E+12 -0.443E+12
    421000   0.420 -0.472E+12 -0.435E+12
    422000   0.421 -0.471E+12 -0.434E+12
    423000   0.422 -0.467E+12 -0.437E+12
    424000   0.423 -0.464E+12 -0.446E+12
    425000   0.424 -0.467E+12 -0.446E+12
    426000   0.425 -0.466E+12 -0.447E+12
    427000   0.426 -0.466E+12 -0.446E+12
    428000   0.427 -0.466E+12 -0.445E+12
    429000   0.428 -0.466E+12 -0.445E+12
    430000   0.429 -0.465E+12 -0.445E+12
    431000   0.430 -0.467E+12 -0.442E+12
    432000   0.431 -0.465E+12 -0.447E+12
    433000   0.432 -0.465E+12 -0.448E+12
    434000   0.433 -0.465E+12 -0.442E+12
    435000   0.434 -0.464E+12 -0.443E+12
    436000   0.435 -0.462E+12 -0.444E+12
    437000   0.436 -0.462E+12 -0.444E+12
    438000   0.437 -0.459E+12 -0.445E+12
    439000   0.438 -0.459E+12 -0.445E+12
    440000   0.439 -0.459E+12 -0.442E+12
    441000   0.440 -0.459E+12 -0.442E+12
    442000   0.441 -0.458E+12 -0.444E+12
    443000   0.442 -0.459E+12 -0.446E+12
    444000   0.443 -0.458E+12 -0.450E+12
    445000   0.444 -0.458E+12 -0.453E+12
    446000   0.445 -0.459E+12 -0.452E+12
    447000   0.446 -0.461E+12 -0.453E+12
    448000   0.447 -0.462E+12 -0.457E+12
    449000   0.448 -0.465E+12 -0.450E+12
    450000   0.449 -0.463E+12 -0.455E+12
    451000   0.450 -0.465E+12 -0.457E+12
    452000   0.451 -0.466E+12 -0.457E+12
    453000   0.452 -0.466E+12 -0.458E+12
    454000   0.453 -0.468E+12 -0.456E+12
    455000   0.454 -0.469E+12 -0.460E+12
    456000   0.455 -0.473E+12 -0.457E+12
    457000   0.456 -0.474E+12 -0.457E+12
    458000   0.457 -0.472E+12 -0.461E+12
    459000   0.458 -0.474E+12 -0.461E+12
    460000   0.459 -0.476E+12 -0.462E+12
    461000   0.460 -0.476E+12 -0.470E+12
    462000   0.461 -0.483E+12 -0.458E+12
    463000   0.462 -0.480E+12 -0.463E+12
    464000   0.463 -0.487E+12 -0.462E+12
    465000   0.464 -0.483E+12 -0.463E+12
    466000   0.465 -0.480E+12 -0.469E+12
    467000   0.466 -0.490E+12 -0.460E+12
    468000   0.467 -0.456E+12 -0.474E+12
    469000   0.468 -0.453E+12 -0.450E+12
    470000   0.469 -0.451E+12 -0.438E+12
    471000   0.470 -0.453E+12 -0.439E+12
    472000   0.471 -0.448E+12 -0.434E+12
    473000   0.472 -0.444E+12 -0.431E+12
    474000   0.473 -0.442E+12 -0.430E+12
    475000   0.474 -0.439E+12 -0.428E+12
    476000   0.475 -0.437E+12 -0.426E+12
    477000   0.476 -0.435E+12 -0.425E+12
    478000   0.477 -0.449E+12 -0.433E+12
    479000   0.478 -0.438E+12 -0.428E+12
    480000   0.479 -0.435E+12 -0.424E+12
    481000   0.480 -0.432E+12 -0.425E+12
    482000   0.481 -0.431E+12 -0.421E+12
    483000   0.482 -0.432E+12 -0.420E+12
    484000   0.483 -0.436E+12 -0.426E+12
    485000   0.484 -0.437E+12 -0.428E+12
    486000   0.485 -0.436E+12 -0.427E+12
    487000   0.486 -0.435E+12 -0.426E+12
    488000   0.487 -0.435E+12 -0.426E+12
    489000   0.488 -0.435E+12 -0.425E+12
    490000   0.489 -0.434E+12 -0.424E+12
    491000   0.490 -0.434E+12 -0.424E+12
    492000   0.491 -0.433E+12 -0.423E+12
    493000   0.492 -0.433E+12 -0.424E+12
    494000   0.493 -0.432E+12 -0.423E+12
    495000   0.494 -0.432E+12 -0.423E+12
    496000   0.495 -0.431E+12 -0.422E+12
    497000   0.496 -0.431E+12 -0.421E+12
    498000   0.497 -0.431E+12 -0.422E+12
    499000   0.498 -0.431E+12 -0.421E+12
    500000   0.499 -0.432E+12 -0.422E+12
    501000   0.500 -0.434E+12 -0.423E+12
    502000   0.501 -0.434E+12 -0.424E+12
    503000   0.502 -0.434E+12 -0.424E+12
    504000   0.503 -0.434E+12 -0.424E+12
    505000   0.504 -0.434E+12 -0.425E+12
    506000   0.505 -0.435E+12 -0.425E+12
    507000   0.506 -0.435E+12 -0.425E+12
    508000   0.507 -0.435E+12 -0.426E+12
    509000   0.508 -0.435E+12 -0.427E+12
    510000   0.509 -0.437E+12 -0.426E+12
    511000   0.510 -0.437E+12 -0.427E+12
    512000   0.511 -0.437E+12 -0.428E+12
    513000   0.512 -0.438E+12 -0.428E+12
    514000   0.513 -0.439E+12 -0.428E+12
    515000   0.514 -0.439E+12 -0.429E+12
    516000   0.515 -0.438E+12 -0.429E+12
    517000   0.516 -0.439E+12 -0.429E+12
    518000   0.517 -0.439E+12 -0.429E+12
    519000   0.518 -0.439E+12 -0.429E+12
    520000   0.519 -0.439E+12 -0.429E+12
    521000   0.520 -0.439E+12 -0.430E+12
    522000   0.521 -0.440E+12 -0.429E+12
    523000   0.522 -0.440E+12 -0.434E+12
    524000   0.523 -0.441E+12 -0.431E+12
    525000   0.524 -0.441E+12 -0.431E+12
    526000   0.525 -0.442E+12 -0.432E+12
    527000   0.526 -0.443E+12 -0.433E+12
    528000   0.527 -0.444E+12 -0.434E+12
    529000   0.528 -0.445E+12 -0.435E+12
    530000   0.529 -0.445E+12 -0.435E+12
    531000   0.530 -0.447E+12 -0.435E+12
    532000   0.531 -0.446E+12 -0.436E+12
    533000   0.532 -0.446E+12 -0.436E+12
    534000   0.533 -0.447E+12 -0.436E+12
    535000   0.534 -0.447E+12 -0.437E+12
    536000   0.535 -0.448E+12 -0.437E+12
    537000   0.536 -0.448E+12 -0.437E+12
    538000   0.537 -0.449E+12 -0.438E+12
    539000   0.538 -0.451E+12 -0.439E+12
    540000   0.539 -0.452E+12 -0.440E+12
    541000   0.540 -0.454E+12 -0.442E+12
    542000   0.541 -0.455E+12 -0.442E+12
    543000   0.542 -0.454E+12 -0.442E+12
    544000   0.543 -0.453E+12 -0.441E+12
    545000   0.544 -0.454E+12 -0.443E+12
    546000   0.545 -0.453E+12 -0.441E+12
    547000   0.546 -0.455E+12 -0.443E+12
    548000   0.547 -0.455E+12 -0.443E+12
    549000   0.548 -0.455E+12 -0.444E+12
    550000   0.549 -0.457E+12 -0.445E+12
    551000   0.550 -0.458E+12 -0.445E+12
    552000   0.551 -0.459E+12 -0.446E+12
    553000   0.552 -0.457E+12 -0.444E+12
    554000   0.553 -0.459E+12 -0.446E+12
    555000   0.554 -0.458E+12 -0.445E+12
    556000   0.555 -0.460E+12 -0.447E+12
    557000   0.556 -0.460E+12 -0.447E+12
    558000   0.557 -0.464E+12 -0.451E+12
    559000   0.558 -0.463E+12 -0.450E+12
    560000   0.559 -0.466E+12 -0.453E+12
    561000   0.560 -0.466E+12 -0.452E+12
    562000   0.561 -0.466E+12 -0.452E+12
    563000   0.562 -0.467E+12 -0.453E+12
    564000   0.563 -0.467E+12 -0.453E+12
    565000   0.564 -0.467E+12 -0.453E+12
    566000   0.565 -0.468E+12 -0.454E+12
    567000   0.566 -0.469E+12 -0.455E+12
    568000   0.567 -0.470E+12 -0.456E+12
    569000   0.568 -0.471E+12 -0.456E+12
    570000   0.569 -0.472E+12 -0.460E+12
    571000   0.570 -0.478E+12 -0.462E+12
    572000   0.571 -0.474E+12 -0.458E+12
    573000   0.572 -0.475E+12 -0.459E+12
    574000   0.573 -0.477E+12 -0.460E+12
    575000   0.574 -0.477E+12 -0.460E+12
    576000   0.575 -0.477E+12 -0.460E+12
    577000   0.576 -0.477E+12 -0.459E+12
    578000   0.577 -0.477E+12 -0.459E+12
    579000   0.578 -0.476E+12 -0.459E+12
    580000   0.579 -0.477E+12 -0.459E+12
    581000   0.580 -0.477E+12 -0.459E+12
    582000   0.581 -0.478E+12 -0.459E+12
    583000   0.582 -0.478E+12 -0.460E+12
    584000   0.583 -0.480E+12 -0.461E+12
    585000   0.584 -0.449E+12 -0.470E+12
    586000   0.585 -0.459E+12 -0.481E+12
    587000   0.586 -0.453E+12 -0.464E+12
    588000   0.587 -0.449E+12 -0.454E+12
    589000   0.588 -0.442E+12 -0.452E+12
    590000   0.589 -0.437E+12 -0.447E+12
    591000   0.590 -0.436E+12 -0.449E+12
    592000   0.591 -0.432E+12 -0.442E+12
    593000   0.592 -0.432E+12 -0.440E+12
    594000   0.593 -0.429E+12 -0.438E+12
    595000   0.594 -0.426E+12 -0.434E+12
    596000   0.595 -0.424E+12 -0.434E+12
    597000   0.596 -0.424E+12 -0.446E+12
    598000   0.597 -0.421E+12 -0.439E+12
    599000   0.598 -0.422E+12 -0.445E+12
    600000   0.599 -0.423E+12 -0.435E+12
    601000   0.600 -0.423E+12 -0.435E+12
    602000   0.601 -0.433E+12 -0.433E+12
    603000   0.602 -0.424E+12 -0.436E+12
    604000   0.603 -0.424E+12 -0.439E+12
    605000   0.604 -0.425E+12 -0.432E+12
    606000   0.605 -0.424E+12 -0.429E+12
    607000   0.606 -0.432E+12 -0.453E+12
    608000   0.607 -0.427E+12 -0.434E+12
    609000   0.608 -0.430E+12 -0.440E+12
    610000   0.609 -0.435E+12 -0.434E+12
    611000   0.610 -0.459E+12 -0.440E+12
    612000   0.611 -0.429E+12 -0.451E+12
    613000   0.612 -0.436E+12 -0.446E+12
    614000   0.613 -0.433E+12 -0.453E+12
    615000   0.614 -0.430E+12 -0.456E+12
    616000   0.615 -0.432E+12 -0.464E+12
    617000   0.616 -0.437E+12 -0.464E+12
    618000   0.617 -0.460E+12 -0.459E+12
    619000   0.618 -0.459E+12 -0.457E+12
    620000   0.619 -0.467E+12 -0.457E+12
    621000   0.620 -0.463E+12 -0.464E+12
    622000   0.621 -0.462E+12 -0.463E+12
    623000   0.622 -0.454E+12 -0.464E+12
    624000   0.623 -0.462E+12 -0.454E+12
    625000   0.624 -0.447E+12 -0.473E+12
    626000   0.625 -0.463E+12 -0.463E+12
    627000   0.626 -0.455E+12 -0.448E+12
    628000   0.627 -0.457E+12 -0.457E+12
    629000   0.628 -0.439E+12 -0.482E+12
    630000   0.629 -0.448E+12 -0.464E+12
    631000   0.630 -0.460E+12 -0.453E+12
    632000   0.631 -0.459E+12 -0.462E+12
    633000   0.632 -0.454E+12 -0.461E+12
    634000   0.633 -0.466E+12 -0.447E+12
    635000   0.634 -0.460E+12 -0.447E+12
    636000   0.635 -0.441E+12 -0.463E+12
    637000   0.636 -0.445E+12 -0.452E+12
    638000   0.637 -0.448E+12 -0.459E+12
    639000   0.638 -0.456E+12 -0.448E+12
    640000   0.639 -0.440E+12 -0.469E+12
    641000   0.640 -0.447E+12 -0.452E+12
    642000   0.641 -0.448E+12 -0.448E+12
    643000   0.642 -0.438E+12 -0.469E+12
    644000   0.643 -0.444E+12 -0.461E+12
